a			b			f(a)		f(b)		(b-a)		(b-a)/a		x			f(x)
1.000000	1.200000	-0.019699	0.020513	0.200000	0.200000	1.100000	-0.000416
1.100000	1.200000	-0.000416	0.020513	0.100000	0.090909	1.150000	0.009855
1.100000	1.150000	-0.000416	0.009855	0.050000	0.045455	1.125000	0.004669
1.100000	1.125000	-0.000416	0.004669	0.025000	0.022727	1.112500	0.002114
1.100000	1.112500	-0.000416	0.002114	0.012500	0.011364	1.106250	0.000846
1.100000	1.106250	-0.000416	0.000846	0.006250	0.005682	1.103125	0.000214
1.100000	1.103125	-0.000416	0.000214	0.003125	0.002841	1.101562	-0.000101
1.101562	1.103125	-0.000101	0.000214	0.001563	0.001418	1.102344	0.000056
Root: 1.1023437500000002
