Gauss-Seidel Method Results
x0			x1			x2			x3			x4			x5			x6			x7			x8		
12.500000	15.625000	41.406250	3.125000	4.687500	36.523438	25.781250	20.117188	51.660156
17.187500	28.320312	53.710938	11.914062	24.218750	57.397461	33.007812	39.721680	61.779785
22.558594	37.622070	61.254883	19.946289	38.671875	65.426636	39.916992	47.592163	65.754700
26.892090	44.204712	64.907837	26.370239	45.898438	69.140244	43.490601	51.285934	67.606544
30.143738	47.737503	66.719437	29.883194	49.511719	70.959425	45.292282	53.102636	68.515515
31.905174	49.534082	67.623377	31.677294	51.318359	71.864313	46.194983	54.007214	68.967882
32.802844	50.436145	68.075114	32.579046	52.221680	72.316169	46.646565	54.459032	69.193800
33.253798	50.887648	68.300954	33.030511	52.673340	72.542024	46.872386	54.684881	69.306726
33.479540	51.113458	68.413871	33.256316	52.899170	72.654942	46.985299	54.797799	69.363185
33.592444	51.226371	68.470328	33.369228	53.012085	72.711400	47.041757	54.854257	69.391414
33.648900	51.282828	68.498557	33.425685	53.068542	72.739628	47.069986	54.882486	69.405528
33.677128	51.311057	68.512671	33.453914	53.096771	72.753743	47.084100	54.896600	69.412586
33.691243	51.325171	68.519729	33.468028	53.110886	72.760800	47.091157	54.903657	69.416114
33.698300	51.332229	68.523257	33.475086	53.117943	72.764329	47.094686	54.907186	69.417879
33.701829	51.335757	68.525021	33.478614	53.121471	72.766093	47.096450	54.908950	69.418761
33.703593	51.337521	68.525904	33.480379	53.123236	72.766975	47.097332	54.909832	69.419202
33.704475	51.338404	68.526345	33.481261	53.124118	72.767416	47.097773	54.910273	69.419422
x0 = 33.704475
x1 = 51.338404
x2 = 68.526345
x3 = 33.481261
x4 = 53.124118
x5 = 72.767416
x6 = 47.097773
x7 = 54.910273
x8 = 69.419422
