Jacobi Method Results
x0			x1			x2			x3			x4			x5			x6			x7			x8		
12.500000	12.500000	37.500000	-0.000000	-0.000000	25.000000	25.000000	12.500000	37.500000
15.625000	25.000000	46.875000	9.375000	12.500000	43.750000	28.125000	28.125000	46.875000
21.093750	31.250000	54.687500	14.062500	26.562500	51.562500	34.375000	34.375000	55.468750
23.828125	38.085938	58.203125	20.507812	32.812500	59.179688	37.109375	41.601562	58.984375
27.148438	41.210938	61.816406	23.437500	39.843750	62.500000	40.527344	44.726562	62.695312
28.662109	44.702148	63.427734	26.879883	42.968750	66.088867	42.041016	48.266602	64.306641
30.395508	46.264648	65.197754	28.417969	46.484375	67.675781	43.786621	49.829102	66.088867
31.170654	48.019409	65.985107	30.166626	48.046875	69.442749	44.561768	51.589966	66.876221
32.046509	48.800659	66.865540	30.944824	49.804688	70.227051	45.439148	52.371216	67.758179
32.436371	49.679184	67.256927	31.822586	50.585938	71.107101	45.829010	53.250504	68.149567
32.875443	50.069809	67.696571	32.212830	51.464844	71.498108	46.268272	53.641129	68.589401
33.070660	50.509214	67.891979	32.652140	51.855469	71.937704	46.463490	54.080629	68.784809
33.290339	50.704527	68.111730	32.847404	52.294922	72.133064	46.683192	54.275942	69.004583
33.387983	50.924248	68.209398	33.067113	52.490234	72.352809	46.780837	54.495674	69.102252
33.497840	51.021904	68.319264	33.164763	52.709961	72.450471	46.890697	54.593331	69.212121
33.546667	51.131766	68.368094	33.274624	52.807617	72.560336	46.939524	54.703195	69.260950
33.601598	51.180594	68.423026	33.323452	52.917480	72.609165	46.994455	54.752023	69.315883
33.626012	51.235526	68.447440	33.378383	52.966309	72.664097	47.018869	54.806955	69.340297
33.653477	51.259940	68.474906	33.402797	53.021240	72.688511	47.046334	54.831369	69.367763
33.665684	51.287406	68.487113	33.430263	53.045654	72.715977	47.058541	54.858834	69.379970
33.679417	51.299613	68.500846	33.442470	53.073120	72.728184	47.072274	54.871041	69.393703
33.685521	51.313346	68.506949	33.456203	53.085327	72.741917	47.078378	54.884774	69.399806
33.692387	51.319449	68.513816	33.462306	53.099060	72.748021	47.085244	54.890878	69.406673
33.695439	51.326316	68.516868	33.469173	53.105164	72.754887	47.088296	54.897744	69.409725
33.698872	51.329368	68.520301	33.472225	53.112030	72.757939	47.091729	54.900796	69.413158
33.700398	51.332801	68.521827	33.475658	53.115082	72.761372	47.093255	54.904229	69.414684
33.702115	51.334327	68.523543	33.477184	53.118515	72.762898	47.094972	54.905755	69.416400
33.702878	51.336043	68.524306	33.478900	53.120041	72.764615	47.095735	54.907472	69.417163
33.703736	51.336806	68.525164	33.479663	53.121758	72.765378	47.096593	54.908235	69.418022
33.704117	51.337664	68.525546	33.480522	53.122520	72.766236	47.096975	54.909093	69.418403
x0 = 33.704117
x1 = 51.337664
x2 = 68.525546
x3 = 33.480522
x4 = 53.122520
x5 = 72.766236
x6 = 47.096975
x7 = 54.909093
x8 = 69.418403
