a			b			f(a)		f(b)		(b-a)		(b-a)/a		x			f(x)
1.080000	1.100000	-0.093954	0.080346	0.020000	0.018519	1.090000	-0.023042
1.090000	1.100000	-0.023042	0.080346	0.010000	0.009174	1.095000	0.024237
1.090000	1.095000	-0.023042	0.024237	0.005000	0.004587	1.092500	-0.000460
1.092500	1.095000	-0.000460	0.024237	0.002500	0.002288	1.093750	0.011619
1.092500	1.093750	-0.000460	0.011619	0.001250	0.001144	1.093125	0.005513
1.092500	1.093125	-0.000460	0.005513	0.000625	0.000572	1.092813	0.002510
1.092500	1.092813	-0.000460	0.002510	0.000312	0.000286	1.092656	0.001021
1.092500	1.092656	-0.000460	0.001021	0.000156	0.000143	1.092578	0.000279
Root: 1.0925781250000002
